0 544 9 716 338 500 53 346 923 
1 544 382 371 123 892 509 62 286 
2 229 741 137 905 172 142 180 213 
3 483 208 210 19 118 730 571 959 
4 672 197 298 78 659 372 84 894 
5 41 106 235 236 586 912 24 31 
6 289 103 8 201 589 724 405 540 
7 608 930 301 880 531 724 27 476 
8 259 871 236 215 24 761 955 511 
9 800 39 265 53 278 346 765 414 
10 608 899 298 77 142 209 338 599 
11 101 774 263 243 23 120 794 251 
12 194 871 137 912 755 147 156 511 
13 3 967 497 210 436 824 638 959 
14 720 944 466 339 468 53 563 799 
15 354 714 589 302 880 409 250 62 
16 544 995 10 397 48 466 339 659 
17 452 235 910 208 19 661 698 511 
18 451 164 37 135 819 308 118 252 
19 483 955 27 809 45 791 472 91 
20 545 10 686 976 338 854 923 991 
21 34 646 39 204 144 17 730 444 
22 256 98 39 168 45 497 278 124 
23 544 197 37 243 788 53 764 894 
24 128 578 934 41 334 147 26 511 
25 866 69 326 711 779 659 377 731 
26 967 871 651 144 19 823 156 605 
27 608 34 166 201 724 564 502 476 
28 1 197 424 894 500 564 829 382 
29 224 362 74 720 338 468 923 765 
30 97 451 155 146 404 730 91 444 
31 578 90 106 63 26 955 605 959 
32 129 355 200 204 559 144 818 444 
33 513 259 197 101 165 790 251 894 
34 544 676 172 720 564 53 500 377 
35 738 453 742 715 142 180 88 152 
36 416 417 69 392 469 790 377 731 
37 802 3 6 587 335 406 250 27 
38 578 323 870 934 967 550 209 698 
39 419 228 742 139 626 179 244 894 
40 672 104 466 470 439 984 281 253 
41 869 934 102 236 749 147 824 511 
42 32 135 39 615 235 204 155 511 
43 642 164 200 744 824 185 26 989 
44 257 104 714 976 497 786 372 540 
45 101 9 301 880 979 346 765 922 
46 934 717 17 661 629 280 761 924 
47 5 934 200 146 147 404 468 921 
48 195 228 742 971 910 497 90 990 
49 98 646 934 8 204 47 146 114 
50 646 967 200 454 204 399 824 27 
51 834 164 69 101 104 266 470 251 
52 545 104 110 176 466 658 470 346 
53 834 69 338 372 788 374 121 731 
54 900 228 809 235 818 959 91 511 
55 323 164 144 786 217 698 252 605 
56 1 456 333 338 23 826 923 668 
57 264 813 301 880 48 274 372 446 
58 993 37 6 870 751 819 599 959 
59 104 783 144 466 661 470 698 863 
60 578 135 204 77 844 114 26 155 
61 259 6 553 908 333 974 250 794 
62 608 515 298 428 174 536 476 159 
63 806 236 749 398 146 114 919 824 
64 323 967 811 749 311 824 924 605 
65 323 3 651 208 19 755 378 252 
66 1 37 104 905 659 404 470 124 
67 390 742 910 274 372 469 859 927 
68 578 5 967 200 755 307 824 185 
69 834 39 905 45 853 377 731 958 
70 229 390 872 362 971 591 213 894 
71 802 905 813 16 375 377 59 124 
72 673 802 137 905 47 213 377 124 
73 192 357 551 653 142 243 180 121 
74 578 967 155 691 26 91 254 31 
75 672 471 591 687 659 243 23 638 
76 481 809 553 779 138 142 441 891 
77 544 69 781 142 562 788 213 599 
78 898 37 871 936 144 501 27 156 
79 803 356 646 967 204 749 404 955 
80 289 647 40 720 880 626 339 470 
81 672 449 39 880 659 278 790 215 
82 196 76 16 48 180 632 441 891 
83 194 41 106 145 789 24 31 511 
84 289 354 100 772 714 589 15 209 
85 65 69 473 497 339 440 377 731 
86 257 164 389 809 490 441 91 252 
87 69 709 553 333 667 695 251 124 
88 194 5 105 106 150 955 31 511 
89 34 905 464 564 412 124 733 414 
90 137 298 201 364 724 405 759 990 
91 578 967 809 173 240 627 26 155 
92 384 69 137 9 45 278 377 731 
93 544 608 738 577 715 910 145 990 
94 323 967 871 861 561 819 824 605 
95 34 4 137 844 45 564 23 636 
96 164 325 819 147 441 252 605 158 
97 225 5 841 298 235 754 564 27 
98 1 326 39 940 781 45 268 278 
99 551 137 779 910 243 568 763 380 
100 577 354 259 714 556 333 206 15 
101 197 779 78 16 338 149 535 894 
102 802 69 812 781 790 214 377 731 
103 419 104 779 301 720 240 372 246 
104 802 390 15 466 659 470 668 414 
105 101 333 720 82 468 213 151 251 
106 323 956 236 815 819 155 924 605 
107 810 142 755 308 952 792 955 156 
108 549 390 70 39 775 591 497 319 
109 392 10 301 77 976 274 626 88 
110 34 259 101 551 347 564 88 251 
111 544 513 416 322 905 617 246 414 
112 608 676 774 235 782 336 208 766 
113 195 742 905 172 910 497 372 502 
114 896 6 809 144 818 24 91 127 
115 742 422 137 301 782 16 373 23 
116 955 774 114 818 824 91 156 734 
117 288 98 130 617 45 785 790 346 
118 323 6 526 144 819 404 662 605 
119 641 551 813 13 626 244 536 633 
120 198 105 298 333 371 794 892 62 
121 322 131 6 18 148 250 27 796 
122 64 97 323 17 955 924 605 511 
123 224 834 679 553 362 652 912 790 
124 384 802 137 905 363 923 892 733 
125 34 834 38 110 468 469 983 251 
126 160 1 357 70 325 781 892 382 
127 164 967 744 135 303 627 22 26 
128 608 646 744 303 146 114 824 862 
129 859 326 363 781 16 338 23 923 
130 97 34 225 260 197 564 380 894 
131 164 18 659 148 308 724 758 27 
132 3 744 473 303 721 755 185 252 
133 97 194 204 19 473 155 444 286 
134 676 37 871 200 778 205 47 156 
135 97 225 325 173 429 49 824 767 
136 802 390 70 905 591 979 124 540 
137 641 515 742 301 271 497 372 23 
138 807 201 208 17 661 761 924 511 
139 870 871 648 144 754 819 698 156 
140 483 37 869 749 146 660 695 408 
141 32 483 41 266 204 337 818 506 
142 993 6 250 395 58 892 62 639 
143 7 302 943 16 48 880 476 989 
144 6 17 818 273 250 924 573 511 
145 608 161 427 724 405 250 476 990 
146 578 613 646 204 114 983 26 444 
147 487 8 204 208 17 661 924 511 
148 298 589 815 947 819 213 26 509 
149 41 204 780 146 114 404 788 444 
150 121 834 69 813 723 377 731 124 
151 515 809 49 756 693 185 91 253 
152 129 194 323 361 236 24 605 511 
153 871 905 144 497 756 149 791 156 
154 101 551 333 23 568 90 251 765 
155 3 135 140 173 144 114 19 307 
156 3 135 171 756 185 314 155 252 
157 98 99 326 781 591 790 150 638 
158 676 200 755 147 85 855 441 91 
159 516 266 77 301 15 880 372 765 
160 676 871 744 205 303 818 562 156 
161 192 164 345 809 339 53 441 252 
162 289 330 589 142 814 180 213 894 
163 419 291 908 813 781 16 240 117 
164 541 323 955 135 819 155 605 735 
165 34 647 338 564 213 23 24 923 
166 551 266 173 275 53 23 894 319 
167 8 235 49 146 246 248 761 511 
168 673 195 69 296 910 16 377 731 
169 676 37 911 755 854 694 252 605 
170 419 390 874 976 497 180 984 124 
171 898 5 967 749 208 755 185 924 
172 288 545 813 243 435 631 346 414 
173 194 744 429 527 49 146 147 990 
174 289 516 589 244 791 476 61 159 
175 322 69 781 397 377 731 765 318 
176 41 236 654 633 146 148 761 955 
177 1 9 617 107 600 281 442 382 
178 813 77 14 944 880 242 765 382 
179 97 537 410 114 441 698 155 959 
180 802 419 142 911 240 626 114 790 
181 357 390 551 845 591 183 121 319 
182 37 235 492 17 755 19 761 252 
183 5 200 744 783 819 756 441 635 
184 259 70 362 333 591 912 943 210 
185 164 871 744 137 303 404 692 955 
186 544 101 333 303 563 23 535 251 
187 515 779 497 658 659 468 179 119 
188 229 360 137 77 526 147 213 765 
189 281 551 813 244 53 121 987 414 
190 289 515 455 589 943 371 536 892 
191 900 357 70 73 298 180 281 892 
192 98 164 676 744 523 824 185 444 
193 66 4 201 9 589 206 532 250 
194 6 651 749 144 147 404 824 377 
195 39 617 9 11 910 278 442 733 
196 807 104 45 976 466 659 278 607 
197 34 839 779 338 147 984 922 923 
198 544 288 326 781 621 912 338 372 
199 195 771 101 617 333 945 251 319 
200 578 323 98 5 518 819 26 955 
201 197 838 839 250 794 476 477 894 
202 738 644 357 390 10 976 91 668 
203 195 45 910 142 369 180 469 55 
204 194 37 749 818 154 347 444 511 
205 3 676 37 72 91 236 114 27 
206 485 9 298 45 724 633 765 990 
207 3 871 840 19 824 954 156 959 
208 39 716 205 144 81 818 955 156 
209 32 37 170 363 208 661 252 605 
210 963 164 614 744 303 208 26 605 
211 131 101 139 240 912 883 186 891 
212 288 98 738 228 420 617 750 117 
213 446 293 934 742 781 147 117 894 
214 384 899 617 777 9 346 686 442 
215 289 259 716 589 333 284 794 476 
216 164 744 41 811 236 756 308 183 
217 32 69 781 813 117 377 314 731 
218 578 934 746 235 204 208 661 154 
219 104 880 720 466 468 470 222 287 
220 452 934 809 204 236 277 26 91 
221 259 104 779 333 659 724 794 349 
222 672 235 619 339 659 24 221 285 
223 608 515 171 536 250 476 253 382 
224 416 257 802 907 46 883 339 927 
225 675 5 456 298 235 339 24 892 
226 834 228 549 553 301 912 600 731 
227 224 235 75 557 366 144 880 959 
228 738 195 617 715 813 494 346 156 
229 197 454 10 339 213 470 858 124 
230 390 720 880 339 468 469 86 859 
231 224 834 745 362 720 912 890 319 
232 161 515 587 302 718 371 724 765 
233 897 867 131 101 104 466 470 251 
234 227 15 756 404 151 215 955 541 
235 3 676 422 205 695 959 924 511 
236 32 323 6 144 819 757 471 24 
237 605 176 752 756 215 151 541 94 
238 416 289 547 7 523 972 589 880 
239 738 515 236 144 818 500 24 573 
240 416 544 195 676 553 653 53 765 
241 32 1 229 903 77 472 251 765 
242 64 967 809 877 55 441 26 91 
243 130 228 137 970 338 341 568 831 
244 416 70 841 427 813 16 469 27 
245 672 164 134 871 135 335 659 156 
246 69 298 371 216 731 892 699 62 
247 390 70 813 591 274 372 279 991 
248 966 476 298 91 333 174 27 892 
249 545 674 772 357 742 137 531 894 
250 3 6 589 336 210 724 987 959 
251 259 101 395 813 333 16 627 794 
252 164 934 168 683 303 144 147 185 
253 6 238 367 371 250 892 62 959 
254 323 134 200 819 438 537 252 605 
255 197 134 686 976 20 564 596 894 
256 3 219 19 404 628 955 156 959 
257 195 612 69 197 617 910 368 894 
258 1 509 16 48 790 892 573 382 
259 32 291 996 682 42 235 497 665 
260 326 781 301 557 720 399 468 117 
261 164 709 838 744 489 984 379 252 
262 419 229 813 301 720 16 915 244 
263 897 802 353 228 390 301 720 468 
264 224 3 135 114 19 404 155 766 
265 515 298 368 19 372 536 250 253 
266 833 610 195 617 45 910 278 319 
267 323 649 236 819 24 444 605 127 
268 32 355 749 175 755 404 605 511 
269 39 144 818 883 661 181 698 955 
270 967 871 41 75 824 24 156 415 
271 69 331 720 180 469 278 468 796 
272 228 742 104 779 850 724 596 892 
273 646 135 967 204 850 723 155 444 
274 588 813 16 497 339 372 124 415 
275 416 992 354 550 200 976 985 27 
276 672 163 70 390 619 591 659 863 
277 672 807 139 301 720 659 790 414 
278 197 39 45 720 880 434 567 346 
279 448 321 185 934 584 147 441 91 
280 194 204 654 881 146 882 698 511 
281 422 489 813 240 338 372 923 414 
282 834 201 209 210 339 246 406 250 
283 34 101 77 81 564 251 765 446 
284 545 897 228 229 338 53 536 346 
285 41 235 755 500 661 758 24 185 
286 3 708 37 841 205 144 818 19 
287 264 169 779 813 626 114 244 281 
288 866 617 9 813 785 372 21 442 
289 419 581 999 779 240 626 244 469 
290 738 101 709 617 781 333 592 251 
291 1 811 720 339 468 53 990 382 
292 194 2 934 204 654 761 796 511 
293 0 744 303 687 690 26 955 444 
294 1 357 720 468 564 215 892 382 
295 6 200 745 619 236 818 477 351 
296 194 164 934 744 655 911 114 824 
297 545 867 102 779 466 470 281 346 
298 608 578 386 5 359 26 476 892 
299 772 104 362 202 912 497 470 124 
300 3 515 6 328 459 536 250 476 
301 544 813 16 720 48 336 468 437 
302 448 259 6 298 333 563 250 794 
303 3 131 934 393 147 115 121 959 
304 515 996 521 815 892 253 62 604 
305 582 6 623 724 250 604 317 254 
306 3 933 270 911 19 661 988 959 
307 1 197 135 894 564 949 504 382 
308 578 67 676 5 42 205 144 818 
309 672 133 135 106 619 114 659 698 
310 195 10 106 976 180 634 668 414 
311 357 104 779 811 243 23 730 414 
312 135 236 173 109 208 176 24 155 
313 32 864 287 204 334 756 156 767 
314 672 580 70 521 16 48 659 414 
315 551 333 145 53 23 827 476 319 
316 835 200 755 819 823 985 698 511 
317 608 864 298 623 53 470 697 476 
318 515 584 298 173 536 476 253 62 
319 39 329 10 976 113 213 278 117 
320 32 870 204 818 819 437 344 955 
321 934 200 785 83 147 245 31 511 
322 544 515 228 682 77 238 53 765 
323 17 818 819 660 253 698 924 605 
324 961 322 101 197 682 595 251 894 
325 3 744 174 208 688 19 252 959 
326 357 742 70 16 48 464 849 724 
327 162 423 180 53 468 534 984 319 
328 608 69 487 553 720 283 440 731 
329 32 352 871 235 204 307 698 924 
330 578 3 164 5 137 404 760 698 
331 672 256 45 142 659 180 278 479 
332 482 934 330 17 147 661 924 511 
333 1 259 298 664 559 600 794 892 
334 193 195 301 142 180 790 827 607 
335 224 865 578 41 362 236 749 19 
336 0 749 333 689 146 824 27 476 
337 323 103 743 41 818 819 762 605 
338 228 617 905 938 748 497 23 923 
339 551 104 10 976 466 951 571 668 
340 544 834 456 905 497 919 731 414 
341 323 17 819 308 248 924 861 511 
342 135 362 142 912 180 469 244 118 
343 323 106 171 430 819 252 605 31 
344 3 261 114 19 185 155 733 959 
345 864 32 195 551 617 362 910 980 
346 833 197 967 523 404 213 53 121 
347 195 228 357 742 70 265 724 605 
348 322 38 137 682 842 110 52 23 
349 834 197 773 553 500 117 213 414 
350 8 873 749 49 146 114 26 219 
351 578 323 5 646 957 695 26 605 
352 416 224 419 27 362 909 251 765 
353 8 924 144 976 339 118 698 252 
354 515 298 723 662 536 317 253 62 
355 485 871 200 924 756 185 538 156 
356 195 228 964 910 83 53 790 287 
357 545 323 70 591 243 727 605 254 
358 1 229 104 521 497 345 892 382 
359 1 289 266 142 495 180 244 382 
360 224 834 553 362 779 912 855 28 
361 165 744 236 749 303 111 24 955 
362 224 544 834 418 907 877 912 927 
363 515 107 337 371 536 476 892 253 
364 322 195 774 617 11 142 910 180 
365 419 585 809 142 240 626 180 377 
366 224 260 813 720 883 468 310 927 
367 323 74 755 819 406 87 26 605 
368 802 10 301 142 526 976 180 314 
369 288 545 577 709 73 592 785 117 
370 289 589 142 113 180 378 892 350 
371 515 387 296 298 302 536 250 476 
372 515 548 70 390 332 591 885 253 
373 1 259 900 333 468 757 406 794 
374 98 390 70 591 497 919 953 414 
375 832 1 66 742 838 497 659 468 
376 289 742 201 298 589 941 881 509 
377 39 905 813 45 397 560 278 124 
378 608 515 899 298 203 536 476 253 
379 416 325 553 240 497 372 213 635 
380 72 527 720 880 16 468 53 121 
381 645 265 235 210 698 955 156 959 
382 617 9 105 781 338 562 442 923 
383 416 859 746 240 731 476 445 511 
384 419 997 45 240 626 756 469 278 
385 544 320 228 587 912 339 437 600 
386 578 681 106 441 603 91 959 31 
387 288 1 645 785 339 117 790 638 
388 34 101 553 16 564 983 251 541 
389 200 489 17 146 661 824 924 511 
390 34 834 229 69 455 564 151 377 
391 164 989 561 818 147 756 441 605 
392 741 677 779 813 590 466 470 319 
393 545 419 422 626 243 244 278 890 
394 288 1 98 130 303 469 117 382 
395 289 34 419 301 271 240 244 564 
396 578 643 261 41 695 824 26 670 
397 323 5 200 393 396 818 819 756 
398 545 357 553 10 718 243 117 346 
399 738 228 137 600 16 243 916 568 
400 803 137 265 77 720 880 468 765 
401 288 69 338 254 377 731 414 31 
402 290 551 142 177 180 213 53 23 
403 832 450 923 101 742 333 338 251 
404 676 37 967 104 749 205 824 730 
405 608 873 298 362 333 154 251 476 
406 258 6 137 905 876 124 250 476 
407 195 69 424 714 302 910 731 29 
408 3 296 17 661 983 185 924 959 
409 544 897 162 69 553 779 301 476 
410 544 834 195 517 617 910 591 886 
411 1 129 195 617 910 817 278 382 
412 545 398 720 434 243 468 213 346 
413 1 414 233 304 213 117 892 382 
414 288 98 195 836 357 243 117 186 
415 34 326 298 781 783 564 501 958 
416 34 813 464 724 213 537 27 894 
417 551 779 331 269 338 469 121 923 
418 802 553 236 781 813 16 790 758 
419 416 172 591 240 626 244 377 731 
420 419 39 41 458 45 244 278 669 
421 160 3 934 562 19 147 185 476 
422 37 200 809 816 819 441 91 893 
423 258 551 584 905 497 53 121 731 
424 34 871 104 779 555 564 345 156 
425 483 6 749 144 753 147 404 30 
426 34 40 10 813 976 626 564 29 
427 676 37 809 205 144 379 665 91 
428 292 646 106 204 462 979 761 31 
429 610 676 37 744 205 303 283 955 
430 1 326 392 910 469 471 892 382 
431 802 738 228 39 202 278 923 188 
432 544 545 101 333 50 346 251 797 
433 194 676 647 8 236 205 761 154 
434 610 515 141 724 148 536 27 253 
435 419 742 142 626 180 244 52 664 
436 416 419 164 744 626 531 348 252 
437 194 258 934 723 756 147 279 511 
438 551 617 9 396 117 442 604 414 
439 195 326 551 678 617 781 910 687 
440 834 357 69 843 720 880 468 319 
441 676 135 205 399 114 756 91 252 
442 416 357 326 70 781 816 27 767 
443 32 871 809 874 204 940 91 156 
444 578 934 871 937 845 147 26 156 
445 320 834 69 910 720 469 758 731 
446 738 834 69 714 715 494 307 468 
447 1 545 423 168 62 346 349 382 
448 578 323 34 5 147 404 824 924 
449 700 551 905 339 53 121 122 124 
450 738 134 553 715 333 494 630 251 
451 6 166 617 9 431 442 250 414 
452 481 578 676 37 5 939 205 955 
453 197 742 48 564 405 342 698 894 
454 323 164 235 270 19 115 605 959 
455 288 98 742 16 785 243 117 311 
456 451 205 818 819 406 698 155 60 
457 544 197 812 77 563 251 765 894 
458 672 289 34 134 782 240 659 564 
459 515 714 302 243 563 952 536 253 
460 836 934 744 236 303 177 24 924 
461 298 781 333 117 149 855 476 892 
462 672 551 659 84 53 790 158 414 
463 101 326 813 781 240 722 983 251 
464 544 197 839 626 180 983 280 894 
465 419 8 10 203 976 240 626 342 
466 802 738 137 906 111 124 923 668 
467 289 833 101 589 142 403 475 476 
468 34 197 326 716 689 213 790 987 
469 288 195 390 70 910 591 213 379 
470 545 357 905 138 45 465 339 377 
471 418 3 967 871 749 404 824 62 
472 194 516 741 127 761 154 572 511 
473 864 323 646 204 661 183 924 511 
474 738 646 41 809 910 146 91 444 
475 578 5 37 205 944 624 26 955 
476 608 259 519 250 333 589 909 794 
477 326 551 137 781 399 497 372 664 
478 259 646 135 112 114 444 155 252 
479 194 37 967 936 308 756 212 27 
480 289 34 167 137 338 564 923 894 
481 34 678 201 335 724 405 282 27 
482 3 483 77 210 19 471 698 959 
483 37 934 871 744 205 17 754 158 
484 548 197 390 779 497 243 23 766 
485 0 545 419 134 240 626 346 991 
486 3 744 460 749 685 146 472 959 
487 200 8 619 49 466 661 789 924 
488 7 264 911 880 371 724 27 892 
489 262 781 333 976 984 442 668 382 
490 416 676 517 244 469 952 698 27 
491 224 866 70 199 362 591 720 912 
492 322 326 663 682 779 781 55 765 
493 448 738 195 228 617 910 976 277 
494 802 452 390 70 907 363 591 377 
495 515 872 201 622 724 758 536 253 
496 386 41 106 236 749 431 441 31 
497 802 905 523 720 372 468 347 124 
498 676 37 934 646 427 205 147 861 
499 416 545 162 101 243 244 213 346 
500 738 228 715 299 651 494 564 347 
501 425 170 298 333 976 851 984 892 
502 802 419 516 301 240 626 790 669 
503 3 5 235 972 19 308 24 959 
504 967 41 146 404 886 24 252 350 
505 289 515 589 372 536 476 892 29 
506 416 224 288 357 905 362 912 244 
507 322 419 579 4 682 626 339 244 
508 545 802 419 357 165 240 244 894 
509 321 515 298 180 790 536 219 62 
510 201 874 779 626 405 27 476 990 
511 194 930 676 37 934 205 13 661 
512 513 414 357 339 117 950 23 894 
513 416 802 488 905 977 244 27 124 
514 3 871 235 524 17 376 26 924 
515 548 583 623 497 468 125 536 253 
516 545 553 10 587 399 243 244 346 
517 224 672 137 362 393 912 659 980 
518 3 878 114 19 755 274 91 959 
519 416 39 10 45 976 278 118 985 
520 742 39 199 334 16 48 724 319 
521 672 869 135 659 308 183 824 26 
522 481 135 744 235 303 283 24 155 
523 704 135 235 19 918 890 155 956 
524 3 744 364 77 252 84 185 60 
525 224 37 135 496 308 185 155 252 
526 201 298 302 222 724 405 381 990 
527 33 742 967 104 466 339 659 470 
528 1 131 357 10 77 976 668 382 
529 259 12 364 755 340 476 540 511 
530 357 615 553 815 948 251 476 414 
531 545 264 617 13 686 782 535 824 
532 579 41 938 139 236 156 698 444 
533 104 137 466 659 981 470 437 635 
534 643 554 144 17 661 824 26 607 
535 359 779 813 16 48 114 240 660 
536 608 298 202 623 53 26 476 317 
537 357 326 935 397 497 372 213 605 
538 578 676 37 5 301 205 304 916 
539 224 390 70 591 399 788 23 475 
540 513 134 104 813 301 466 470 668 
541 934 41 589 147 916 215 24 604 
542 259 298 333 77 657 599 856 794 
543 390 39 70 301 591 278 668 93 
544 834 69 551 744 123 205 440 731 
545 259 10 976 243 53 789 568 346 
546 642 3 452 646 871 999 204 444 
547 416 1 544 391 617 940 62 382 
548 224 416 964 106 77 883 765 927 
549 322 228 682 117 285 796 765 414 
550 292 551 10 623 720 976 468 53 
551 195 939 910 655 243 53 23 121 
552 235 683 19 661 662 381 414 959 
553 515 69 104 333 752 339 377 476 
554 164 360 41 600 404 24 185 924 
555 545 738 764 357 553 333 248 668 
556 3 841 76 208 818 19 755 959 
557 390 70 742 591 978 339 405 761 
558 197 104 466 148 470 152 281 894 
559 608 576 354 935 15 536 378 62 
560 192 578 3 644 5 749 404 824 
561 672 259 196 333 593 850 659 794 
562 34 70 489 497 564 469 372 500 
563 224 548 362 912 338 23 668 798 
564 197 104 137 973 16 339 732 894 
565 676 41 205 749 404 308 694 824 
566 416 32 224 419 39 551 626 278 
567 353 963 200 235 173 661 27 478 
568 546 104 779 301 526 338 23 923 
569 419 10 655 976 240 626 213 120 
570 318 1 357 617 406 62 605 382 
571 515 682 907 589 371 307 892 62 
572 578 482 9 205 45 959 286 31 
573 224 834 228 261 362 338 18 281 
574 322 264 137 301 660 23 251 765 
575 322 101 549 905 77 497 249 765 
576 194 518 809 723 915 437 441 506 
577 704 194 749 346 336 695 762 511 
578 3 355 5 235 657 210 19 26 
579 802 104 970 170 466 659 278 470 
580 679 137 301 243 468 469 947 23 
581 3 6 41 9 909 818 210 959 
582 548 551 779 523 497 338 26 923 
583 164 200 744 235 344 185 26 285 
584 195 617 297 910 142 494 180 767 
585 834 195 69 139 910 976 339 763 
586 288 69 659 117 790 182 377 731 
587 34 198 10 302 339 564 599 765 
588 513 553 10 813 976 16 180 127 
589 289 327 329 142 180 244 892 62 
590 672 551 977 659 372 917 23 319 
591 224 34 937 362 912 564 790 921 
592 514 357 552 301 591 243 568 346 
593 544 1 487 42 779 301 892 382 
594 545 996 714 813 243 568 281 346 
595 834 357 395 110 591 243 346 574 
596 289 898 109 720 880 468 244 23 
597 99 934 871 147 756 851 156 511 
598 0 201 170 9 818 501 473 414 
599 161 5 6 298 142 147 250 892 
600 738 834 228 587 912 564 858 735 
601 771 101 165 333 117 181 251 414 
602 104 429 16 48 339 659 470 316 
603 39 425 907 45 278 790 26 927 
604 98 738 228 715 691 564 469 382 
605 32 194 200 204 17 821 379 924 
606 324 744 77 144 818 185 60 349 
607 738 195 228 517 553 617 910 184 
608 195 551 589 302 174 658 819 53 
609 39 103 784 659 243 278 23 414 
610 449 870 646 135 718 818 819 155 
611 231 235 236 17 690 851 24 959 
612 419 229 870 626 243 244 124 669 
613 967 682 46 87 824 761 252 511 
614 868 805 39 489 302 371 278 765 
615 674 101 326 967 213 535 251 412 
616 515 430 370 665 724 405 633 990 
617 97 9 346 45 591 782 469 442 
618 354 515 773 41 714 302 15 253 
619 578 323 3 200 236 847 115 155 
620 323 200 619 44 144 819 87 605 
621 963 326 551 362 591 53 213 183 
622 1 6 298 724 501 250 670 415 
623 864 197 912 338 178 53 121 989 
624 34 37 41 205 749 146 754 824 
625 5 135 200 882 308 155 924 639 
626 834 420 69 553 10 815 976 731 
627 515 228 39 298 715 109 536 253 
628 104 747 77 301 591 602 251 765 
629 545 803 357 326 781 117 251 701 
630 1 98 515 357 325 782 243 382 
631 390 70 142 591 180 726 23 477 
632 39 106 692 52 666 698 955 605 
633 129 515 902 298 536 476 892 253 
634 195 70 617 589 910 653 786 469 
635 352 39 423 45 16 48 278 790 
636 515 612 69 251 469 377 731 765 
637 357 390 719 338 243 435 605 319 
638 390 70 10 878 591 976 84 469 
639 578 164 37 203 205 151 26 959 
640 416 195 328 617 556 45 243 23 
641 578 5 869 967 106 627 404 24 
642 452 6 871 144 818 755 156 31 
643 259 515 333 717 724 405 246 990 
644 749 144 818 178 404 308 924 255 
645 33 326 137 362 105 883 213 793 
646 352 194 676 204 205 534 444 511 
647 34 229 494 338 564 468 923 734 
648 34 476 298 401 724 373 27 892 
649 768 323 302 144 819 761 605 511 
650 416 326 301 910 880 468 213 61 
651 608 553 749 142 399 338 180 923 
652 160 448 5 235 43 279 441 253 
653 227 37 712 41 404 756 118 24 
654 32 194 323 452 661 761 698 443 
655 934 874 906 749 146 147 308 824 
656 515 580 617 339 53 470 349 414 
657 551 201 724 405 663 248 990 575 
658 165 969 371 19 250 892 765 62 
659 672 357 998 497 275 124 540 414 
660 384 802 738 228 742 715 20 923 
661 323 871 144 819 346 156 605 223 
662 578 131 235 17 499 26 924 511 
663 323 483 164 871 749 119 503 824 
664 323 871 924 17 661 156 925 831 
665 834 69 38 7 104 201 779 377 
666 224 573 362 912 338 923 317 638 
667 5 744 236 303 308 24 220 958 
668 738 163 39 715 333 493 278 794 
669 834 963 742 553 142 111 180 990 
670 224 135 236 366 695 824 24 155 
671 871 423 809 329 818 210 441 156 
672 104 10 112 466 339 85 470 540 
673 195 229 933 647 553 617 910 633 
674 802 426 781 301 213 790 379 894 
675 201 589 724 405 987 892 445 62 
676 3 483 647 236 114 19 24 91 
677 544 288 834 905 172 369 117 124 
678 545 720 880 81 243 568 346 798 
679 515 326 781 434 148 790 855 380 
680 69 197 648 10 77 926 731 894 
681 5 646 199 776 235 204 755 444 
682 515 6 78 463 371 536 250 892 
683 32 542 200 110 19 698 605 286 
684 742 12 781 755 724 790 763 671 
685 770 169 589 910 469 790 509 62 
686 545 551 883 53 213 23 566 894 
687 834 996 997 301 815 724 117 414 
688 224 362 299 912 338 790 923 735 
689 161 37 39 911 272 818 955 156 
690 97 934 135 744 54 155 444 31 
691 419 905 205 240 244 442 124 253 
692 416 419 240 626 403 244 90 542 
693 37 934 204 205 942 144 818 855 
694 834 34 742 778 338 469 23 282 
695 65 578 228 5 550 236 660 24 
696 416 164 712 553 240 720 339 468 
697 135 871 105 681 146 114 155 156 
698 578 37 967 205 177 597 26 955 
699 194 839 744 77 761 251 765 511 
700 929 742 201 779 591 469 858 923 
701 742 843 171 720 880 338 468 923 
702 545 259 229 682 333 984 794 124 
703 135 8 41 236 114 698 155 989 
704 865 323 518 819 660 695 955 605 
705 547 39 45 338 341 278 923 319 
706 641 197 104 362 912 659 790 894 
707 39 45 976 278 344 444 765 319 
708 69 486 425 10 976 377 250 731 
709 101 197 905 300 213 251 124 830 
710 34 101 296 16 48 564 251 636 
711 132 197 101 77 981 377 765 894 
712 3 259 583 744 19 756 155 959 
713 545 514 357 70 742 400 529 765 
714 515 298 302 439 536 253 62 735 
715 416 706 907 813 494 206 240 244 
716 198 135 744 871 555 460 155 156 
717 910 591 720 468 469 790 888 506 
718 5 135 173 530 252 184 155 444 
719 7 104 41 106 236 466 470 703 
720 802 326 523 142 880 468 790 23 
721 672 450 905 137 42 497 659 124 
722 165 326 813 781 16 177 339 117 
723 578 356 5 967 625 756 469 26 
724 201 137 330 405 189 154 765 990 
725 70 843 749 591 144 818 146 506 
726 5 200 106 77 749 371 404 60 
727 194 934 552 17 147 308 661 311 
728 483 164 765 114 308 408 27 605 
729 33 101 326 197 72 553 213 317 
730 544 834 162 229 40 905 244 731 
731 553 905 752 468 149 440 124 733 
732 357 362 912 915 117 441 124 414 
733 992 686 302 210 20 406 250 959 
734 967 200 457 619 236 749 396 441 
735 288 551 813 626 306 117 121 383 
736 1 195 101 262 551 553 333 251 
737 195 7 520 617 301 910 880 767 
738 326 70 715 907 781 494 45 23 
739 0 896 6 9 724 692 791 250 
740 834 802 553 147 244 469 213 915 
741 126 516 101 742 843 346 154 990 
742 544 201 177 338 724 405 923 254 
743 159 834 197 551 553 731 894 927 
744 578 5 774 303 656 121 26 955 
745 834 196 645 362 883 469 185 252 
746 416 457 10 240 339 53 470 889 
747 128 4 201 589 724 405 919 990 
748 289 6 589 302 978 24 250 476 
749 323 646 870 200 906 632 146 824 
750 416 802 618 756 215 698 27 927 
751 224 70 362 108 591 912 213 989 
752 448 674 782 720 880 243 568 927 
753 224 97 135 173 144 208 17 531 
754 419 70 390 240 209 626 469 729 
755 0 323 934 924 43 147 185 252 
756 164 934 204 537 111 144 147 185 
757 224 1 646 362 684 50 123 382 
758 96 545 34 195 357 617 426 910 
759 545 738 357 198 715 494 469 959 
760 131 646 204 336 156 182 955 444 
761 194 578 5 978 980 280 26 511 
762 834 69 810 779 910 469 663 731 
763 802 3 228 19 757 661 476 959 
764 1 98 779 84 790 535 470 382 
765 161 101 77 497 468 756 599 251 
766 333 667 371 151 250 794 892 62 
767 864 224 448 551 912 176 243 790 
768 802 195 228 619 910 591 592 414 
769 195 357 70 10 77 909 469 887 
770 545 868 837 16 48 243 790 346 
771 288 259 229 39 45 117 377 319 
772 676 646 775 906 205 146 114 27 
773 544 142 337 180 501 121 58 415 
774 640 323 236 208 819 691 24 605 
775 289 866 259 261 298 589 333 794 
776 224 289 362 239 912 818 244 124 
777 137 905 813 880 497 380 571 124 
778 544 576 174 591 246 794 476 638 
779 104 301 466 213 470 471 668 158 
780 101 880 180 278 439 794 251 125 
781 288 1 326 524 338 117 923 30 
782 548 197 457 779 683 497 535 894 
783 194 135 235 814 114 147 443 155 
784 288 98 804 742 779 117 758 990 
785 224 69 553 497 377 731 124 543 
786 104 362 13 912 466 470 374 540 
787 934 744 328 45 303 340 26 955 
788 224 839 905 362 75 497 372 124 
789 56 6 782 371 216 250 892 62 
790 288 802 326 551 781 271 536 923 
791 832 515 70 298 145 469 536 253 
792 483 934 6 168 144 147 185 25 
793 224 102 362 940 142 912 180 319 
794 640 1 228 968 298 587 600 382 
795 450 898 69 326 10 781 976 731 
796 738 226 228 197 905 554 124 894 
797 1 195 326 456 45 910 820 382 
798 197 742 358 301 243 23 60 894 
799 742 617 10 491 12 976 405 414 
800 419 166 491 240 626 180 213 244 
801 544 288 98 802 487 967 117 790 
802 544 70 362 779 591 981 410 923 
803 326 781 244 117 342 377 954 607 
804 578 5 871 139 156 692 185 252 
805 742 77 16 48 468 406 599 765 
806 934 236 813 973 16 530 147 924 
807 870 135 938 783 114 819 698 155 
808 224 706 362 77 142 925 180 765 
809 164 934 456 236 204 49 818 441 
810 672 39 551 45 142 659 278 953 
811 553 170 988 912 883 56 731 668 
812 326 553 45 781 377 90 923 508 
813 419 135 359 846 16 240 114 155 
814 352 321 676 164 755 819 441 252 
815 289 589 302 590 947 339 470 603 
816 676 37 106 235 138 205 831 31 
817 870 907 818 819 693 311 698 444 
818 579 6 103 589 340 185 955 252 
819 227 870 103 235 282 818 501 698 
820 449 322 291 357 779 466 819 470 
821 135 41 361 824 147 24 89 27 
822 676 37 235 236 623 819 406 761 
823 197 5 137 734 142 180 984 894 
824 676 870 967 155 205 114 27 575 
825 416 320 419 362 240 883 659 821 
826 323 3 75 363 210 19 441 959 
827 805 6 589 144 818 756 661 981 
828 967 840 236 749 142 404 824 24 
829 323 483 871 106 876 819 477 31 
830 129 34 326 781 717 564 117 507 
831 672 288 34 73 369 659 564 414 
832 897 578 934 744 303 185 955 252 
833 128 5 135 967 146 755 404 885 
834 34 361 10 976 560 564 469 244 
835 578 5 614 392 809 235 19 91 
836 802 229 70 774 301 880 923 732 
837 446 137 617 9 16 48 985 382 
838 101 39 393 720 468 251 667 319 
839 104 907 975 466 339 659 470 984 
840 578 26 5 809 12 749 698 91 
841 617 749 13 146 755 404 114 924 
842 34 195 615 617 110 910 851 564 
843 288 98 199 781 243 117 23 607 
844 34 867 45 338 564 278 89 923 
845 288 34 228 133 326 781 338 55 
846 544 834 905 240 497 880 857 506 
847 580 10 300 301 976 240 626 319 
848 32 385 955 809 204 430 441 91 
849 744 924 377 409 303 755 185 252 
850 289 868 298 589 371 244 825 250 
851 1 802 545 357 178 211 790 382 
852 164 742 201 558 303 308 185 348 
853 545 802 964 357 70 265 246 923 
854 224 192 362 912 497 372 469 828 
855 1 326 781 339 470 214 539 382 
856 98 382 670 142 243 180 23 414 
857 6 237 815 947 148 250 892 862 
858 487 744 49 274 756 628 151 185 
859 899 924 568 690 114 824 185 252 
860 742 27 781 77 790 54 251 765 
861 328 904 779 907 301 119 187 927 
862 419 644 10 240 976 626 883 596 
863 809 600 396 404 215 24 151 541 
864 197 551 362 76 912 179 53 894 
865 545 101 551 141 243 346 251 287 
866 419 547 69 550 104 240 466 377 
867 449 291 200 17 661 985 955 156 
868 1 937 474 564 405 406 250 28 
869 322 419 779 240 626 274 244 276 
870 227 676 37 452 235 205 404 190 
871 576 323 3 19 756 819 601 156 
872 163 201 298 689 724 405 27 990 
873 775 104 905 553 339 533 124 991 
874 545 738 357 326 519 499 213 668 
875 738 228 137 905 106 689 124 319 
876 193 98 646 204 921 444 156 414 
877 338 405 23 954 923 189 414 319 
878 648 589 302 143 429 850 20 733 
879 614 390 843 333 117 23 668 765 
880 544 676 37 813 301 368 242 731 
881 481 164 204 146 114 24 185 925 
882 804 646 871 204 752 156 437 444 
883 419 39 362 45 621 912 278 763 
884 483 676 164 196 848 819 698 156 
885 162 515 421 6 967 250 378 26 
886 161 390 70 617 591 894 602 382 
887 69 10 976 244 980 790 153 731 
888 544 545 69 393 44 912 278 56 
889 483 6 871 144 818 275 437 156 
890 545 77 976 882 599 251 349 765 
891 709 779 142 910 114 180 117 414 
892 515 227 302 303 371 180 509 62 
893 676 37 135 205 308 346 155 895 
894 34 197 742 137 301 848 724 757 
895 740 6 912 724 405 250 476 990 
896 676 201 106 205 463 27 990 31 
897 770 517 70 551 591 53 469 23 
898 934 871 967 749 366 688 955 924 
899 871 41 236 141 404 119 24 955 
900 1 419 240 497 626 848 403 382 
901 289 772 682 589 142 623 889 317 
902 197 101 551 670 77 411 765 894 
903 544 1 545 809 557 570 892 382 
904 236 818 308 469 24 185 252 25 
905 385 971 435 20 600 892 733 62 
906 419 165 362 138 912 240 338 626 
907 802 546 70 104 569 466 278 377 
908 295 106 303 818 114 185 252 543 
909 578 323 676 37 205 112 280 605 
910 228 779 715 813 494 876 880 466 
911 676 955 205 443 982 185 27 252 
912 545 834 35 45 243 469 278 223 
913 928 322 738 682 715 829 377 765 
914 260 934 744 11 303 661 924 511 
915 2 229 90 6 137 650 692 250 
916 672 322 195 682 716 659 372 411 
917 228 551 617 10 338 855 446 319 
918 419 428 909 240 626 883 339 244 
919 6 657 849 85 405 885 250 959 
920 512 933 39 91 76 441 955 541 
921 544 195 846 404 469 377 124 445 
922 646 427 749 975 146 114 404 824 
923 738 195 228 617 779 910 755 792 
924 194 223 452 208 17 661 918 511 
925 802 898 229 104 137 915 213 923 
926 289 68 69 589 242 724 405 990 
927 416 225 802 907 790 377 762 27 
928 16 817 339 564 53 213 659 22 
929 545 357 70 742 517 724 213 344 
930 419 720 880 626 180 244 597 508 
931 135 967 749 272 597 185 155 252 
932 515 712 360 362 912 627 117 414 
933 96 553 809 720 880 338 468 923 
934 164 453 17 147 661 185 924 25 
935 185 934 924 585 252 441 795 572 
936 676 37 967 167 205 749 45 27 
937 741 10 686 242 339 20 53 248 
938 100 492 813 45 16 117 377 414 
939 1 39 45 117 278 186 382 191 
940 636 39 71 905 10 976 124 319 
941 640 70 390 362 912 117 790 895 
942 323 9 619 346 785 818 698 605 
943 416 224 864 579 551 335 243 53 
944 808 779 813 16 497 720 89 124 
945 672 352 934 744 41 236 659 662 
946 289 5 967 235 589 788 824 926 
947 608 6 174 302 433 248 250 27 
948 967 744 303 47 146 404 565 762 
949 104 301 16 464 339 564 23 311 
950 194 676 205 147 404 824 441 60 
951 544 738 419 110 240 626 182 668 
952 101 39 811 720 468 278 790 442 
953 675 135 967 749 208 114 408 155 
954 248 232 587 589 432 530 980 120 
955 39 871 45 658 404 278 888 156 
956 704 205 144 660 406 695 89 762 
957 545 738 357 906 301 18 819 668 
958 587 45 912 725 278 600 761 319 
959 871 135 265 114 118 762 155 156 
960 325 742 302 16 497 48 880 405 
961 164 772 774 744 809 755 185 91 
962 288 34 98 83 788 117 564 536 
963 97 578 135 173 532 950 824 155 
964 835 646 235 252 756 185 922 444 
965 641 802 905 553 591 377 923 62 
966 544 419 10 976 240 626 115 280 
967 578 5 652 749 973 114 24 155 
968 776 236 114 308 628 24 91 924 
969 608 33 6 553 333 444 476 542 
970 164 200 619 564 24 441 252 255 
971 224 130 164 676 756 660 695 441 
972 416 545 128 137 243 856 346 476 
973 742 137 813 16 48 241 215 377 
974 608 772 968 463 146 724 698 27 
975 37 710 200 8 236 49 146 24 
976 419 10 77 142 398 180 244 989 
977 164 581 200 147 404 981 26 252 
978 870 201 364 976 724 405 154 990 
979 963 676 37 135 205 879 852 185 
980 289 967 589 432 371 407 250 990 
981 423 200 41 749 783 754 147 53 
982 34 802 229 137 905 377 124 95 
983 416 513 199 905 745 244 923 124 
984 544 9 10 142 976 720 890 731 
985 6 200 144 17 661 857 315 924 
986 194 871 749 686 881 147 404 955 
987 288 423 428 144 17 661 698 414 
988 827 871 109 404 661 955 924 94 
989 668 802 738 137 905 207 947 124 
990 128 6 553 589 19 344 250 27 
991 608 802 39 553 457 45 304 278 
992 544 781 593 274 213 53 125 894 
993 3 676 27 905 620 205 19 155 
994 194 967 8 433 146 52 788 94 
995 385 802 228 772 902 912 600 923 
996 201 682 589 334 815 724 253 287 
997 544 326 553 781 379 53 731 254 
998 738 35 742 779 715 470 986 668 
999 5 41 142 560 146 723 404 26 
